GOLDEN MEASURE:
=============================

Filename: small.jpg
Input Height: 304
Input Width: 300
Pixels: 91200
Mask size: 243 (81 per pixel)
Time = 4050.51 ms

Filename: fly.jpg
Input Height: 1024
Input Width: 821
PIxels: 840704
Mask size: 243 (81 per pixel)
Time = 51147.8 ms

Filename: greatwall.jpg
Input Height: 2560
Input Width: 1920
Pixels: 4915200
Mask size: 243
Time = 299951 ms


Threads,pixels,masksize,time,overheads,speedup
SMALL
10000,91200,81,603.6857,0.020932,6.7096
100,91200,81,903.767,0.008584   ,4.4818
16,91200,81,1030.02,0.082497    ,3.9325
12,91200,81,1075.49,0.076865	,3.7662
8,91200,81,1128,0.003789	    ,3.5909
4,91200,81,1208.21,0.005443	    ,3.3525
2,91200,81,2261.31,0.042934		,1.7912
1,91200,81,4049.3,0.046329		,1.0003

FLY
10000,840704,81,7435.27,0.021283,6.8791
100,840704,81  ,13701.4,0.759232,3.7330
16,840704,81,14008.6,0.145454   ,3.6512
12,840704,81,14019.9,0.051091   ,3.6482
8,840704,81,14064.8,0.012303    ,3.6366
4,840704,81,14392.1,0.035681    ,3.5539
2,840704,81,26410.2,0.006282    ,1.9367
1,840704,81,50953,0.041579	    ,1.0038

GREATWALL
10000,4915200,81,63851.9,0.005181 ,4.6976
100,4915200,81,75851.3 ,0.007811  ,3.9545
16,4915200,81,75965.1, 0.020106   ,3.9485
12,4915200,81,76097.3, 0.043687   ,3.9417
8,4915200,81, 76203.4, 0.016797   ,3.9362
4,4915200,81, 77575.2, 0.003305   ,3.8666
2,4915200,81, 144840,  0.087967   ,2.0709
1,4915200,81, 280230,  0.052142   ,1.0704